54
455
206
360
86
42
416
288
76
270
384
396
27
455
76
269
130
292
424
417
353
374
370
243
145
190
293
491
213
488
362
62
400
308
164
424
226
402
481
302
189
361
26
87
37
302
230
186
467
257
144
141
174
267
353
359
425
98
438
381
99
490
311
56
324
154
349
347
271
109
448
303
184
42
45
123
54
2
146
433
230
300
214
196
364
55
331
177
81
374
281
384
217
245
176
265
351
411
166
164
283
165
303
346
355
307
106
429
337
33
423
314
335
66
242
179
461
316
226
338
61
122
369
217
212
116
480
422
164
298
389
41
165
173
408
278
295
154
219
309
382
251
217
103
394
88
301
427
336
136
84
248
479
220
191
220
237
404
218
482
142
263
204
3
382
344
199
334
79
305
445
247
373
441
444
440
385
194
497
149
276
219
32
231
422
63
393
356
271
76
484
405
19
391
347
497
87
405
60
472
91
347
113
214
185
61
217
439
36
94
470
469
451
43
255
210
106
233
261
227
360
488
78
289
162
443
29
119
245
322
177
214
297
6
163
229
207
31
293
156
176
238
423
407
46
159
116
399
87
241
425
306
487
395
85
14
361
312
66
20
35
383
337
21
447
215
201
236
498
131
28
473
378
29
339
240
227
111
157
432
376
31
235
395
126
190
368
324
282
447
198
302
368
405
389
132
394
194
389
238
395
281
336
92
194
256
496
97
192
272
34
309
233
381
494
146
356
220
414
299
230
100
110
346
43
331
362
28
368
156
270
55
269
92
254
408
225
255
48
430
417
307
331
425
256
432
67
222
97
22
447
317
211
240
86
441
407
60
491
210
262
261
65
383
283
399
6
493
223
242
472
499
482
330
172
52
57
239
407
181
230
163
221
209
309
434
416
450
138
267
74
4
397
422
240
425
187
31
450
453
181
210
343
456
451
3
150
93
306
41
84
137
110
115
308
292
110
394
117
140
123
408
468
230
212
476
266
86
496
323
117
426
142
54
37
474
157
238
377
28
467
447
103
440
437
87
69
139
395
163
349
206
386
474
10
14
336
149
17
290
30
37
198
114
40
254
192
436
16
31
62
392
229
115
24
274
87
350
7
205
412
14
191
480
291
422
491
278
453
110
309
390
337
482
385
131
429
153
32
159
